	GenName	ProteinID	OrganismName	Taxonomy	Strand	TTT	TTC	TTA	TTG	TCT	TCC	TCA	TCG	TAT	TAC	TGT	TGC	TGA	TGG	CTT	CTC	CTA	CTG	CCT	CCC	CCA	CCG	CAT	CAC	CAA	CAG	CGT	CGC	CGA	CGG	ATT	ATC	ATA	ATG	ACT	ACC	ACA	ACG	AAT	AAC	AAA	AAG	AGT	AGC	GTT	GTC	GTA	GTG	GCT	GCC	GCA	GCG	GAT	GAC	GAA	GAG	GGT	GGC	GGA	GGG	TAA	TAG	AGA	AGG
0	ND1	YP_009368049.1	Lepilemur leucopus	Eukaryota, Metazoa, Chordata, Craniata, Vertebrata, Euteleostomi, Mammalia, Eutheria, Euarchontoglires, Primates, Strepsirrhini, Lemuriformes, Lepilemuridae, Lepilemur	1	0.5555555555555556	1.4444444444444444	0.6	0.2	0.0	2.4	2.1	1.2	1.2857142857142858	0.7142857142857143	0.0	2.0	1.5555555555555556	0.4444444444444444	0.9	1.0	2.7	0.6	0.18181818181818182	1.8181818181818181	1.8181818181818181	0.18181818181818182	0.0	2.0	1.4285714285714286	0.5714285714285714	0.0	1.5	2.0	0.5	1.28	0.72	1.8888888888888888	0.1111111111111111	0.9333333333333333	0.9333333333333333	1.8666666666666667	0.26666666666666666	1.1666666666666667	0.8333333333333334	1.25	0.75	0.0	0.3	0.8	0.4	2.4	0.4	0.14285714285714285	1.8571428571428572	1.4285714285714286	0.5714285714285714	1.0	1.0	1.4	0.6	0.3333333333333333	2.3333333333333335	0.6666666666666666	0.6666666666666666	0.0	0.0	0.0	0.0
1	ND2	YP_009368050.1	Lepilemur leucopus	Eukaryota, Metazoa, Chordata, Craniata, Vertebrata, Euteleostomi, Mammalia, Eutheria, Euarchontoglires, Primates, Strepsirrhini, Lemuriformes, Lepilemuridae, Lepilemur	1	1.0769230769230769	0.9230769230769231	0.9375	0.28125	0.42857142857142855	1.9285714285714286	2.357142857142857	0.0	1.0	1.0	0.0	2.0	1.8181818181818181	0.18181818181818182	0.84375	1.03125	2.4375	0.46875	1.411764705882353	0.47058823529411764	2.1176470588235294	0.0	1.0	1.0	2.0	0.0	0.0	0.0	4.0	0.0	1.0	1.0	1.6428571428571428	0.35714285714285715	0.6222222222222222	1.511111111111111	1.511111111111111	0.35555555555555557	0.7777777777777778	1.2222222222222223	1.6	0.4	0.0	1.2857142857142858	0.8888888888888888	0.8888888888888888	1.7777777777777777	0.4444444444444444	0.631578947368421	2.1052631578947367	1.263157894736842	0.0	0.0	0.0	1.5	0.5	0.0	1.4285714285714286	1.7142857142857142	0.8571428571428571	0.0	0.0	0.0	0.0
2	COX1	YP_009368051.1	Lepilemur leucopus	Eukaryota, Metazoa, Chordata, Craniata, Vertebrata, Euteleostomi, Mammalia, Eutheria, Euarchontoglires, Primates, Strepsirrhini, Lemuriformes, Lepilemuridae, Lepilemur	1	0.9047619047619048	1.0952380952380953	1.5517241379310345	0.20689655172413793	1.1612903225806452	1.1612903225806452	2.7096774193548385	0.1935483870967742	0.9	1.1	2.0	0.0	1.8823529411764706	0.11764705882352941	1.1379310344827587	0.8275862068965517	1.8620689655172413	0.41379310344827586	0.8275862068965517	1.793103448275862	1.3793103448275863	0.0	0.7058823529411765	1.2941176470588236	1.1428571428571428	0.8571428571428571	0.5	1.0	2.0	0.5	0.7567567567567568	1.2432432432432432	1.3529411764705883	0.6470588235294118	0.6060606060606061	0.7272727272727273	2.303030303030303	0.36363636363636365	0.8	1.2	2.0	0.0	0.3870967741935484	0.3870967741935484	0.8421052631578947	0.8421052631578947	1.6842105263157894	0.631578947368421	0.8181818181818182	1.7272727272727273	1.0909090909090908	0.36363636363636365	1.375	0.625	1.2	0.8	0.7659574468085106	1.1063829787234043	1.446808510638298	0.6808510638297872	0.0	1.0	0.0	0.0
3	COX2	YP_009368052.1	Lepilemur leucopus	Eukaryota, Metazoa, Chordata, Craniata, Vertebrata, Euteleostomi, Mammalia, Eutheria, Euarchontoglires, Primates, Strepsirrhini, Lemuriformes, Lepilemuridae, Lepilemur	1	1.0	1.0	0.8333333333333334	0.5	1.263157894736842	1.894736842105263	1.894736842105263	0.0	1.2	0.8	0.5	1.5	1.6	0.4	1.3333333333333333	1.0	1.6666666666666667	0.6666666666666666	1.2307692307692308	1.2307692307692308	1.2307692307692308	0.3076923076923077	0.5714285714285714	1.4285714285714286	1.6666666666666667	0.3333333333333333	0.0	2.6666666666666665	0.6666666666666666	0.6666666666666666	1.0588235294117647	0.9411764705882353	1.5384615384615385	0.46153846153846156	1.0	1.25	1.75	0.0	0.8	1.2	1.6	0.4	0.3157894736842105	0.631578947368421	0.75	1.25	1.5	0.5	0.0	3.2	0.8	0.0	0.5454545454545454	1.4545454545454546	1.4285714285714286	0.5714285714285714	0.5	2.5	0.5	0.5	1.0	0.0	0.0	0.0
4	ATP8	YP_009368053.1	Lepilemur leucopus	Eukaryota, Metazoa, Chordata, Craniata, Vertebrata, Euteleostomi, Mammalia, Eutheria, Euarchontoglires, Primates, Strepsirrhini, Lemuriformes, Lepilemuridae, Lepilemur	1	2.0	0.0	1.6363636363636365	0.0	1.8	0.6	1.2	1.8	1.0	1.0	0.0	0.0	2.0	0.0	2.727272727272727	0.0	1.6363636363636365	0.0	1.6	1.6	0.0	0.8	2.0	0.0	2.0	0.0	4.0	0.0	0.0	0.0	1.2	0.8	1.0	1.0	0.5714285714285714	0.5714285714285714	1.7142857142857142	1.1428571428571428	0.4	1.6	2.0	0.0	0.0	0.6	0.0	2.0	2.0	0.0	0.0	0.0	0.0	0.0	0.0	2.0	2.0	0.0	0.0	0.0	0.0	0.0	0.0	1.0	0.0	0.0
5	ATP6	YP_009368054.1	Lepilemur leucopus	Eukaryota, Metazoa, Chordata, Craniata, Vertebrata, Euteleostomi, Mammalia, Eutheria, Euarchontoglires, Primates, Strepsirrhini, Lemuriformes, Lepilemuridae, Lepilemur	1	0.75	1.25	0.9795918367346939	0.12244897959183673	0.8571428571428571	1.7142857142857142	2.142857142857143	0.0	0.0	2.0	0.0	0.0	1.3333333333333333	0.6666666666666666	0.7346938775510204	1.2244897959183674	2.204081632653061	0.7346938775510204	1.4285714285714286	1.7142857142857142	0.8571428571428571	0.0	0.2857142857142857	1.7142857142857142	1.5	0.5	0.0	1.6	2.4	0.0	1.2	0.8	1.2	0.8	0.48	2.08	1.12	0.32	0.7272727272727273	1.2727272727272727	1.0	1.0	0.8571428571428571	0.42857142857142855	1.0	1.3333333333333333	1.0	0.6666666666666666	1.3333333333333333	1.3333333333333333	1.3333333333333333	0.0	2.0	0.0	2.0	0.0	0.4	1.6	1.6	0.4	1.0	0.0	0.0	0.0
6	COX3	YP_009368055.1	Lepilemur leucopus	Eukaryota, Metazoa, Chordata, Craniata, Vertebrata, Euteleostomi, Mammalia, Eutheria, Euarchontoglires, Primates, Strepsirrhini, Lemuriformes, Lepilemuridae, Lepilemur	1	0.64	1.36	0.7058823529411765	0.7058823529411765	0.6	1.5	2.1	0.6	0.6666666666666666	1.3333333333333333	0.0	2.0	1.6666666666666667	0.3333333333333333	1.0588235294117647	1.411764705882353	1.9411764705882353	0.17647058823529413	0.7272727272727273	2.5454545454545454	0.7272727272727273	0.0	0.625	1.375	1.4285714285714286	0.5714285714285714	0.8	0.0	2.4	0.8	0.9230769230769231	1.0769230769230769	1.1111111111111112	0.8888888888888888	0.48	1.6	1.6	0.32	1.4285714285714286	0.5714285714285714	2.0	0.0	0.0	1.2	0.5714285714285714	1.1428571428571428	2.0	0.2857142857142857	0.5333333333333333	2.4	1.0666666666666667	0.0	1.3333333333333333	0.6666666666666666	1.75	0.25	0.7619047619047619	1.7142857142857142	1.3333333333333333	0.19047619047619047	0.0	0.0	0.0	0.0
7	ND3	YP_009368056.1	Lepilemur leucopus	Eukaryota, Metazoa, Chordata, Craniata, Vertebrata, Euteleostomi, Mammalia, Eutheria, Euarchontoglires, Primates, Strepsirrhini, Lemuriformes, Lepilemuridae, Lepilemur	1	0.75	1.25	0.2608695652173913	0.0	0.0	6.0	0.0	0.0	1.0	1.0	2.0	0.0	2.0	0.0	1.565217391304348	2.347826086956522	1.3043478260869565	0.5217391304347826	0.5714285714285714	1.1428571428571428	1.7142857142857142	0.5714285714285714	0.0	0.0	0.6666666666666666	1.3333333333333333	0.0	4.0	0.0	0.0	1.25	0.75	1.2	0.8	0.0	0.8888888888888888	2.6666666666666665	0.4444444444444444	1.2	0.8	1.2	0.8	0.0	0.0	2.0	0.0	2.0	0.0	0.3333333333333333	1.3333333333333333	1.6666666666666667	0.6666666666666666	1.0	1.0	2.0	0.0	1.0	1.0	2.0	0.0	0.0	1.0	0.0	0.0
8	ND4L	YP_009368057.1	Lepilemur leucopus	Eukaryota, Metazoa, Chordata, Craniata, Vertebrata, Euteleostomi, Mammalia, Eutheria, Euarchontoglires, Primates, Strepsirrhini, Lemuriformes, Lepilemuridae, Lepilemur	1	0.2857142857142857	1.7142857142857142	1.4285714285714286	0.0	1.0909090909090908	3.272727272727273	0.5454545454545454	0.0	2.0	0.0	0.0	2.0	0.0	0.0	0.5714285714285714	0.8571428571428571	2.0	1.1428571428571428	0.0	2.0	2.0	0.0	0.6666666666666666	1.3333333333333333	1.0	1.0	0.0	4.0	0.0	0.0	0.8571428571428571	1.1428571428571428	1.5555555555555556	0.4444444444444444	0.8	1.6	0.8	0.8	0.5	1.5	0.0	0.0	0.0	1.0909090909090908	1.0	0.5	2.5	0.0	0.0	2.857142857142857	0.5714285714285714	0.5714285714285714	2.0	0.0	2.0	0.0	2.0	1.0	1.0	0.0	1.0	0.0	0.0	0.0
9	ND4	YP_009368058.1	Lepilemur leucopus	Eukaryota, Metazoa, Chordata, Craniata, Vertebrata, Euteleostomi, Mammalia, Eutheria, Euarchontoglires, Primates, Strepsirrhini, Lemuriformes, Lepilemuridae, Lepilemur	1	0.7272727272727273	1.2727272727272727	1.1294117647058823	0.07058823529411765	1.6216216216216217	0.6486486486486487	1.2972972972972974	0.6486486486486487	0.875	1.125	1.0	1.0	1.7142857142857142	0.2857142857142857	1.1294117647058823	1.1294117647058823	2.1176470588235294	0.4235294117647059	0.7692307692307693	1.5384615384615385	1.5384615384615385	0.15384615384615385	1.0909090909090908	0.9090909090909091	1.8	0.2	0.4	0.8	2.8	0.0	1.0769230769230769	0.9230769230769231	1.6756756756756757	0.32432432432432434	0.27906976744186046	1.3953488372093024	2.046511627906977	0.27906976744186046	0.8333333333333334	1.1666666666666667	1.4	0.6	0.32432432432432434	1.4594594594594594	1.2307692307692308	0.6153846153846154	1.8461538461538463	0.3076923076923077	0.7692307692307693	1.2307692307692308	1.5384615384615385	0.46153846153846156	0.0	2.0	2.0	0.0	0.4444444444444444	1.3333333333333333	1.3333333333333333	0.8888888888888888	0.0	0.0	0.0	0.0
10	ND5	YP_009368059.1	Lepilemur leucopus	Eukaryota, Metazoa, Chordata, Craniata, Vertebrata, Euteleostomi, Mammalia, Eutheria, Euarchontoglires, Primates, Strepsirrhini, Lemuriformes, Lepilemuridae, Lepilemur	1	0.75	1.25	0.66	0.24	0.46153846153846156	1.8461538461538463	1.8461538461538463	0.11538461538461539	1.0769230769230769	0.9230769230769231	0.8	1.2	1.5	0.5	0.84	1.32	2.34	0.6	0.6153846153846154	1.6923076923076923	1.5384615384615385	0.15384615384615385	0.6153846153846154	1.3846153846153846	1.5	0.5	0.0	1.3333333333333333	2.6666666666666665	0.0	0.6785714285714286	1.3214285714285714	1.6097560975609757	0.3902439024390244	0.9230769230769231	1.3076923076923077	1.2307692307692308	0.5384615384615384	0.6285714285714286	1.3714285714285714	1.75	0.25	0.46153846153846156	1.2692307692307692	0.631578947368421	1.263157894736842	1.4736842105263157	0.631578947368421	0.6829268292682927	1.7560975609756098	1.4634146341463414	0.0975609756097561	0.4444444444444444	1.5555555555555556	1.6363636363636365	0.36363636363636365	0.8	1.6	1.28	0.32	1.0	0.0	0.0	0.0
11	CYTB	YP_009368061.1	Lepilemur leucopus	Eukaryota, Metazoa, Chordata, Craniata, Vertebrata, Euteleostomi, Mammalia, Eutheria, Euarchontoglires, Primates, Strepsirrhini, Lemuriformes, Lepilemuridae, Lepilemur	1	0.5185185185185185	1.4814814814814814	0.7	0.1	1.5	2.5	1.5	0.0	1.0	1.0	1.0	1.0	2.0	0.0	1.1	1.0	2.7	0.4	0.8	1.6	1.44	0.16	0.4	1.6	2.0	0.0	0.5714285714285714	1.1428571428571428	2.2857142857142856	0.0	1.0	1.0	1.625	0.375	0.4444444444444444	1.7777777777777777	1.3333333333333333	0.4444444444444444	0.8235294117647058	1.1764705882352942	1.8	0.2	0.0	0.5	0.75	0.5	2.25	0.5	0.7619047619047619	1.5238095238095237	1.7142857142857142	0.0	0.5454545454545454	1.4545454545454546	1.6666666666666667	0.3333333333333333	0.8	1.44	1.12	0.64	0.0	0.0	1.0	0.0
