	GenName	ProteinID	OrganismName	Taxonomy	Strand	TTT	TTC	TTA	TTG	TCT	TCC	TCA	TCG	TAT	TAC	TGT	TGC	TGA	TGG	CTT	CTC	CTA	CTG	CCT	CCC	CCA	CCG	CAT	CAC	CAA	CAG	CGT	CGC	CGA	CGG	ATT	ATC	ATA	ATG	ACT	ACC	ACA	ACG	AAT	AAC	AAA	AAG	AGT	AGC	GTT	GTC	GTA	GTG	GCT	GCC	GCA	GCG	GAT	GAC	GAA	GAG	GGT	GGC	GGA	GGG	TAA	TAG	AGA	AGG
0	ND1	YP_009311268.1	Gastromyzon zebrinus	Eukaryota, Metazoa, Chordata, Craniata, Vertebrata, Euteleostomi, Actinopterygii, Neopterygii, Teleostei, Ostariophysi, Cypriniformes, Gastromyzontidae	1	8	7	7	1	4	4	9	1	5	7	0	0	8	0	7	9	29	12	1	7	16	0	0	5	6	1	1	1	6	0	9	15	9	3	2	11	8	1	3	9	5	2	0	2	1	5	7	2	4	21	9	1	1	3	8	3	0	5	6	7	1	0	0	0
1	ND2	YP_009311269.1	Gastromyzon zebrinus	Eukaryota, Metazoa, Chordata, Craniata, Vertebrata, Euteleostomi, Actinopterygii, Neopterygii, Teleostei, Ostariophysi, Cypriniformes, Gastromyzontidae	1	3	6	4	2	2	5	7	0	2	6	0	1	10	1	8	16	34	6	4	6	9	1	1	5	12	2	1	0	2	1	11	10	10	4	3	24	18	3	1	8	9	0	1	5	0	5	4	0	3	28	16	2	0	3	5	0	0	3	14	1	0	0	0	0
2	COX1	YP_009311270.1	Gastromyzon zebrinus	Eukaryota, Metazoa, Chordata, Craniata, Vertebrata, Euteleostomi, Actinopterygii, Neopterygii, Teleostei, Ostariophysi, Cypriniformes, Gastromyzontidae	1	15	28	8	2	8	7	7	3	5	12	0	1	15	2	13	9	16	15	2	15	5	6	6	13	6	2	0	1	7	0	17	19	10	13	5	7	23	3	4	12	7	1	0	4	9	14	12	9	5	20	20	1	1	13	8	3	3	10	24	10	1	0	0	0
3	COX2	YP_009311271.1	Gastromyzon zebrinus	Eukaryota, Metazoa, Chordata, Craniata, Vertebrata, Euteleostomi, Actinopterygii, Neopterygii, Teleostei, Ostariophysi, Cypriniformes, Gastromyzontidae	1	5	4	5	0	3	3	4	1	7	2	0	2	3	2	6	6	8	3	2	8	4	0	2	8	7	1	0	2	4	0	13	5	7	5	4	4	3	1	2	3	3	1	0	4	2	8	9	1	4	6	5	2	2	10	11	4	1	2	4	2	0	0	0	0
4	ATP8	YP_009311272.1	Gastromyzon zebrinus	Eukaryota, Metazoa, Chordata, Craniata, Vertebrata, Euteleostomi, Actinopterygii, Neopterygii, Teleostei, Ostariophysi, Cypriniformes, Gastromyzontidae	1	1	2	3	0	0	0	2	0	0	0	0	0	4	1	1	0	0	0	2	3	4	0	0	2	2	0	0	0	0	0	3	2	1	1	1	3	0	0	1	1	3	0	1	1	0	0	3	0	1	1	1	0	0	1	2	1	0	0	0	0	1	0	0	0
5	ATP6	YP_009311273.1	Gastromyzon zebrinus	Eukaryota, Metazoa, Chordata, Craniata, Vertebrata, Euteleostomi, Actinopterygii, Neopterygii, Teleostei, Ostariophysi, Cypriniformes, Gastromyzontidae	1	5	5	3	0	2	0	2	1	0	5	0	0	5	0	10	7	17	10	0	6	9	2	1	2	7	1	0	2	4	0	13	10	6	4	3	7	8	0	2	7	1	0	0	5	6	4	4	4	2	10	9	0	1	0	3	1	0	2	3	6	0	0	0	0
6	COX3	YP_009311274.1	Gastromyzon zebrinus	Eukaryota, Metazoa, Chordata, Craniata, Vertebrata, Euteleostomi, Actinopterygii, Neopterygii, Teleostei, Ostariophysi, Cypriniformes, Gastromyzontidae	1	9	13	5	0	1	6	4	0	1	11	0	2	10	2	5	11	11	2	0	9	4	0	5	11	8	1	0	1	4	0	9	6	3	5	2	7	11	1	0	1	2	0	0	3	3	6	4	2	5	9	8	1	1	4	6	4	0	7	10	5	0	0	0	0
7	ND3	YP_009311275.1	Gastromyzon zebrinus	Eukaryota, Metazoa, Chordata, Craniata, Vertebrata, Euteleostomi, Actinopterygii, Neopterygii, Teleostei, Ostariophysi, Cypriniformes, Gastromyzontidae	1	5	4	4	0	1	2	3	0	2	0	0	1	4	1	2	10	8	0	0	5	3	0	0	1	3	0	0	0	2	0	6	3	2	1	0	3	3	0	0	2	1	0	0	1	2	2	2	0	2	4	4	0	1	3	5	1	0	4	2	1	0	0	0	0
8	ND4L	YP_009311276.1	Gastromyzon zebrinus	Eukaryota, Metazoa, Chordata, Craniata, Vertebrata, Euteleostomi, Actinopterygii, Neopterygii, Teleostei, Ostariophysi, Cypriniformes, Gastromyzontidae	1	3	5	3	0	2	1	2	0	0	0	1	2	1	0	3	5	10	1	0	2	0	0	0	4	2	1	0	2	1	0	1	1	4	2	1	5	2	0	0	2	0	0	0	2	2	0	0	0	1	6	7	1	0	1	2	1	0	2	2	2	1	0	0	0
9	ND4	YP_009311277.1	Gastromyzon zebrinus	Eukaryota, Metazoa, Chordata, Craniata, Vertebrata, Euteleostomi, Actinopterygii, Neopterygii, Teleostei, Ostariophysi, Cypriniformes, Gastromyzontidae	1	5	12	17	2	4	11	6	1	6	8	1	4	13	5	10	21	29	12	4	7	15	2	2	10	11	1	0	4	6	1	19	18	16	9	3	19	16	2	4	4	9	1	1	7	6	7	3	5	0	23	12	3	0	3	6	5	1	9	10	9	0	0	0	0
10	ND5	YP_009311278.1	Gastromyzon zebrinus	Eukaryota, Metazoa, Chordata, Craniata, Vertebrata, Euteleostomi, Actinopterygii, Neopterygii, Teleostei, Ostariophysi, Cypriniformes, Gastromyzontidae	1	17	22	12	0	6	16	9	1	5	7	2	4	12	2	14	26	29	9	2	10	14	5	4	11	14	5	0	2	6	2	19	33	24	8	8	23	23	1	8	19	19	3	1	15	3	10	10	4	5	35	17	0	5	9	10	1	1	10	14	6	1	0	0	0
11	CYTB	YP_009311280.1	Gastromyzon zebrinus	Eukaryota, Metazoa, Chordata, Craniata, Vertebrata, Euteleostomi, Actinopterygii, Neopterygii, Teleostei, Ostariophysi, Cypriniformes, Gastromyzontidae	1	11	19	4	2	3	7	9	2	5	9	0	3	13	0	6	15	28	6	1	7	9	4	3	9	4	2	0	0	7	1	6	22	5	5	3	7	11	0	5	12	8	1	0	1	8	8	11	3	4	14	14	0	3	8	6	1	1	6	15	3	0	0	0	0
