Species	Gene	Code	CDS	Sequence
Teladorsagia circumcincta	YP_003434088.1	5	1	MLHNFHILSLSSYAYYMFFATMGLTSSFVNFFKYGLVLPFVYSLMVVLFIAFVWGKDISMEGLSGYHNFFVMDGFKFGVMLFIFSEFMFFFSIFWVFFDAALVPVHELGESWSPMGLHLVNPFGVPLLNTIILLSSGVSVTWAHHSLLSNKSCTNSMILTCVLAIYFTSIQLMEYMEASFSISDGIFGSIFYLSTGFHGIHVLCGGLFLAFNLLRLLKSHFNYNHHLGLEFAILYWHFVDVVWLFLFVFVYWWSYC
Teladorsagia circumcincta	YP_003434089.1	5	1	MKKCYFFCSLNFFLVFFIMSFYLFNCSSWSGLFFFIDSYIFLLLILMMIYIYGLIMISEMNNNLLMLSSVLIVICFMFFVSSNMLMLYMFFELSLFPILIMILGFGSQIEKINSSYYLLFYASFCSFPFLFIYYKSLFMMSFCYFDFLMSWEMFFILTLSFMMKFPVYFLHLWLPKAHVEAPTTASMLLAGLLLKLGTAGFLRVTASMNFIYSNFWIFISLIGMILSAVSCVFQSDSKSLAAYSSVTHMSFLLLSLSLMTMSSKVAGVMMMLAHGYTSTLMFYMIGEFYHISSTRMIYFFNSFMNSSMMLSILFSLVFLSNSGVPPSLSFLSEFMIIVNNFLMSKLFFLLIFIYFLVAFYYSLFLIVCSFGGKNLNNYNNWNLGVTCSLVIMMFNIFWLSLFF
Clinocottus analis	YP_003434090.1	2	1	MLSPLLTHILNPLAFIVPVLLAVAFLTLLERKVLGYMQLRKGPNVVGPYGLLQPIADGLKLFIKEPVRPATSSPALFLMTPMLALTLALTLWAPLPLPHPVLDLNLSILFILALSSLAVYSILGSGWASNSKYALIGALRAVAQTISYEVSLGLILLNLIIFTGGFSLQTFNAAQETIWLILPAWPLAAMWYISTLAETNRAPFDLTEGESELVSGFNVEYAGGPFALFFLAEYANILLMNTLSAALFLGAYHIPTLPELTSINLMTKAALLSVVFLWVRASYPRFRYDQLMQLIWKNFLPLTLALVIWHLSLPTALAGLPPHL
Clinocottus analis	YP_003434091.1	2	1	MNPYILFGLLFTLGLGTTSVFASSHWLLAWMGLEMSTLAILPLMAQHHHPRAVEASTKYFLTQATAAAMLLFATTTNAWLTGQWNIQEMSHPFPLTLVFLALALKLGLAPLHSWLPEVLQGLDLTTGAILSTWQKLAPFALIMQLHPTDPALLITLGLTSTLVGGWGGLNQTQLRKILAYSSIAHLGWMVLVAQFCAPLTLLTLLLYLALTLPTFLTFKLNNATNINTLAAAWTKAPLLTALAPLLLLSLGGLPPLTGFMSKWLILQELTKQDLAAAAVIAALSALLSLYFYTRLSFAMTLTHTPNNPAGQAPWRLQLFPRTLPLALSLTLALFLLPLTPTLFTLVTP
Clinocottus analis	YP_003434092.1	2	1	MAITRWFFSTNHKDIGTLYLVFGAWAGMVGTALSLLIRAELSQPGALLGDDQIYNVIVTAHAFVMIFFMVMPIMIGGFGNWLIPLMIGAPDMAFPRMNNMSFWLLPPSFLLLLASSGVEAGAGTGWTVYPPLAGNLAHAGASVDLTIFSLHLAGISSILGAINFITTIINMKPPAISQYQTPLFVWSVLITAVLLLLSLPVLAAAITMLLTDRNLNTTFFDPAGGGDPILYQHLFWFFGHPEVYILILPGFGMVSHIVAYYSGKKEPFGYMGMVWAMMAIGLLGFIVWAHHMFTVGMDVDTRAYFTSATMIIAIPTGVKVFSWLATLHGGSIKWETPLLWALGFIFLFTVGGLTGIVLANSSLDIVLHDTYYVVAHFHYVLSMGAVFAIVAGFVHWFPLFSGYTLHSTWTKVHFAVMFIGVNLTFFPQHFLGLAGMPRRYSDYPDAYTLWNTISSIGSLVSLVAVIMFLFIIWEAFAAKREVLAVELTTTNVEWLHGCPPPYHTFEEPAFVLVQTN
Clinocottus analis	YP_003434093.1	2	1	MAHPSQTAFQDAASPVMEELLHFHDHALMVVFLISTLVLYIILAMITTKLTNKFILDSQEIEIIWTVLPAIILILIALPSLRILYLMEEVNNPLLTIKAVGHQWYWSYEYTDYENLEFDSYMVPTQDLRPGQFRLMEADHRMVIPADSPIRVLVSADDVLHSWAIPALGIKMDAVPGRLNQTAFMASRPGVFYGQCSEICGANHSFMPIVVEAVPLQHFESWSSRMLEDA
Clinocottus analis	YP_003434094.1	2	1	MPQLNPAPWFAILVFSWLVFLIVIPPKVMAHTFPNEPALQSADSLKTEAWPWSWH
Clinocottus analis	YP_003434095.1	2	1	MTLSLFDQFLSPSLLGIPLMAIAILTPWTMFPAPTTRWVNNRVLTLQAWFINFFTQQLFLPITRHGHKWALLLISLLLYLITMNLLGLLPYTFTPTTQLALNLGLATPLWLATVVMGMRNQPTHALGHLLPEGTPNALIPILVIIETISLLIRPLALGVRLTANLTAGHLLIQLISTAVFVLLSSMPTIAALTSTVLVLLTVLEVAVAMIQAYVFILLLSLYLQENV
Clinocottus analis	YP_003434096.1	2	1	MAHQAHAYHMVDPSPWPLTGAIAALLMTSGLATWFHFQSTTLMALGTVLLLLTMFQWWRDIVREGTFQGHHTPPVQKGLRYGMVLFITSEVFFFLGFFWAFYHASLAPTPELGGHWPPTGITTLDPFEVPLLNTAVLLASGVTVTWAHHSIMAGERKQALQSLTLTILLGFYFTFLQGLEYYEAPFTIADGVYGSTFFVATGFHGLHVIIGSTFLAVCLLRQIFYHFTSQHHFGFEAAAWYWHFVDVVWLFLYISIYWWGS
Clinocottus analis	YP_003434097.1	2	1	MNLVTTVATIAALLSILLAIVSFWLPQMAPDHEKLSPYECGFDPVGSARLPFSLRFFLVAILFLLFDLEIALLLPLPWGDQLAIPLTTFLWASGVLALLTLGLIYEWLQGGLEWAE
