Species	Gene	Code	CDS	Sequence
Lepilemur septentrionalis	ATP8	2	0	ATGCCACAATTGGATACATCAGCATGATTTACAATAATCTCCTCCACAATCCTTACCGTATTTATTATTTTTCAATTAAAAATCTCAAAACTTAATTATCCCTTAAACCCTACATTAAAACTCCTTAACAAACATAACCGTATTAACCCTTGAGAATCAAAATGAACGAAAATCTATTCTCCTCTTTTATTGCCCCCACAATTGTAG
Tropidomya abbreviata	ATP8	5	0	GTGCCACAATTAGGGCCTTTTCAATGATTAGTAATTTATGGAATGATGTGGTTGATATTGATTGTATTGTTTTGTAGAGTTTGGTGGGTTAGAGGAAACTTTTTTAGGGTGAGAGTGAGTGAAGATAATAAGGATTTTTTTTTGCTTGGTAATTTTTTATTAAATAGGTCAATTTTAAGTAGTGACGTGATAAAAATAGTAAAAAATTCTAGAAAAAAAATAATTTAA
Euchiloglanis kishinouyei	ATP8	2	0	ATGCCACAACTAAATCCAGACCCGTGATTCATAATTTTTGCATTCTCATGACTAATCTTCTTAACGATACTTCCAAACAAAGTACTAAATTACACATTCACAAATGAAATTACAGCCCTAAGCACCAAAAAACTTAAAACAGATACCTGAAACTGACCATGACACTAA
Sinocyclocheilus lingyunensis	ATP8	2	0	ATGCCACAATTAAACCCCGGCCCTTGATTCGCAATTCTAGTATTCTCCTGACTACTTTTCTTAACCATTATCCCAACTAAAGTCTTAAATCACATTTCACCAAATAAACCAACTCCAGTAAGTACTGAAAAACACAAAACTGGATCCTGACACTGACCATGATAG
Sinocyclocheilus longibarbatus	ATP8	2	0	ATGCCACAATTAAACCCCGGCCCCTGATTCGCAATTCTAGTATTCTCCTGATTACTTTTCTTAGCCATTATCCCAACTAAAGTTTTAAATCACATTTCACCAAATAAACCAACTCCAGTAAGTACTGAAAAACACAAAACTGGATCCTGACACTGACCATGATAA
Mustela erminea	ATP8	2	0	ATGCCACAACTAGATACTTCAACATGATTTATCACTATTTTATCAATAATCATCACCCTATTTCTTATATTCCAACTAAAAGTATCAAAATATAACTTTCCAGAAAACCCCGAACCAAAACTAGTGGCTACATCAAAATCTACTACACCTTGAGAAAATAAATGAACGAAAATCTATTTTCCTCATTCACTACCCCTACAATAA
Glyptosternon maculatum	ATP8	2	0	ATGCCCCAACTAAACCCCGCCCCATGATTTGCAATTCTTATGTTCTCATGACTAATCTTCCTAATAGTACTTCCAAACAAAGTATTAAATCACACATTCACAAATGAAATTACAGCCTTAAACGCAGAAAAACTTAAATCAAACACTTGAAATTGACCATGGCACTAA
Anopheles minor	ATP8	5	0	ATTCCACAAATAGCACCAATCAATTGATTAATTTTATTTTTTATTTTTTCAATTACATTAGTAATTTTTAATATTTTAAATTACTTTTGTTTTTCTTATTATCCAATAAAAACACCTCAATCATTAAATATTAAATTTAATAAATTAAATTGAAAATGATAA
Thraupis episcopus	ATP8	2	0	ATGCCCCAACTAAACCCCAATCCATGATTTTTTATCATGCTCACTTCATGACTCACTTTCTCCCTGATCATCCAACCTAAACTCCTATCATTCGTATCAATAAACCCACCCTCTAGCAAGCCACCCATCGCCCCAAGTACCACCCCCTGAACCTGACCATGAACATAA
Ectropis grisescens	ATP8	5	0	ATTCCACAAATAATACCAATTAATTGAATTTTATCTTTTATTATGTTCATTATAATTTTTATTTTATTTAATATTATAAATTATTATATTATAAATAATAAAAATTTAAATAATAAAAATAATTTTAATTTAAAAGCAATAAATAACAATCTAAATTGAAAATGATAA
