	OrganismName	GenName	ProteinID	Strand	TranslatedAminoAcids	GenBankAminoAcids
0	Habromys ixtlani	ND1	YP_009414376.1	1.0	VYFLNILTLLVPILIAMAFLTLVERKILGYMQLRKGPNIVGPYGILQPFADAMKLFIKEPLRPLATSTTLFVIAPTLSLTLAFSLWIPMPMPHPLMNLNLGVLFILATSSLSVYSILWSGWASNSKYSMFGALRAVAQTISYEVTMAIILLSVLLMNGSFSLQSLMLTQEPLWLIIPTWPLGMMWYISTLAETNRAPFDLTEGESELVSGFNVEYAAGPFALFFMAEYTNIILMNALSTVVFLGPYNNPNNPEMFTTNFMVKTLMLTTLFLWVRASYPRFRYDQLMHLLWKNFLPLTLALCMWHISIPIFMASIPPYT	MYFLNILTLLVPILIAMAFLTLVERKILGYMQLRKGPNIVGPYGILQPFADAMKLFIKEPLRPLATSTTLFVIAPTLSLTLAFSLWIPMPMPHPLMNLNLGVLFILATSSLSVYSILWSGWASNSKYSMFGALRAVAQTISYEVTMAIILLSVLLMNGSFSLQSLMLTQEPLWLIIPTWPLGMMWYISTLAETNRAPFDLTEGESELVSGFNVEYAAGPFALFFMAEYTNIILMNALSTVVFLGPYNNPNNPEMFTTNFMVKTLMLTTLFLWVRASYPRFRYDQLMHLLWKNFLPLTLALCMWHISIPIFMASIPPYT
1	Habromys ixtlani	ND2	YP_009414377.1	1.0	INPITLLIIYFTIFSGPMVTMLSTNLFLMWIGLEMNLLAIIPMMMKNTNPRSTEAATKYFLTQATASMIFLLSIILNYKQLGMWTLQPQTSNHIITLMFISLAMKMGLAPFHSWLPEVTQGIPIQTGMILLTWQKIAPMSILFQMYEMTSPTILMTSAILSILIGAWNGLNQTQTRKIMAYSSISHMGWMIAVLPFNPSLTILNLLIYISLTVPMFMILKTSSSTNINSMSLMWNKMPMMLPTTSMILLSTGGLPPLTGFLPKWIIITELLKNNNIILATLMAMMALINLFFYTRLIYSTTLTTFPTNNNSKMSLHHNNHKNNIILPSLAILSTMTLPLSPLLIT	MNPITLLIIYFTIFSGPMVTMLSTNLFLMWIGLEMNLLAIIPMMMKNTNPRSTEAATKYFLTQATASMIFLLSIILNYKQLGMWTLQPQTSNHIITLMFISLAMKMGLAPFHSWLPEVTQGIPIQTGMILLTWQKIAPMSILFQMYEMTSPTILMTSAILSILIGAWNGLNQTQTRKIMAYSSISHMGWMIAVLPFNPSLTILNLLIYISLTVPMFMILKTSSSTNINSMSLMWNKMPMMLPTTSMILLSTGGLPPLTGFLPKWIIITELLKNNNIILATLMAMMALINLFFYTRLIYSTTLTTFPTNNNSKMSLHHNNHKNNIILPSLAILSTMTLPLSPLLIT
2	Habromys ixtlani	COX1	YP_009414378.1	1.0	MFINRWLFSTNHKDIGTLYLLFGAWAGMVGTALSILIRAELGQPGALLGDDQIYNVIVTAHAFVMIFFMVMPMMIGGFGNWLVPLMIGAPDMAFPRMNNMSFWLLPPSFLLLLASSMVEAGAGTGWTVYPPLAGNLAHAGASVDLTIFSLHLAGVSSILGAINFITTIINMKPPAMTQYQTPLFVWSVLITAVLLLLSLPVLAAGITMLLTDRNLNTTFFDPAGGGDPILYQHLFWFFGHPEVYILILPGFGIISHIVTYYSGKKEPFGYMGMVWAMMSIGFLGFIVWAHHMFTVGLDVDTRAYFTSATMIIAIPTGVKVFSWLATLHGGNIKWSPAMLWALGFIFLFTVGGLTGIVLSNSSLDIVLHDTYYVVAHFHYVLSMGAVFAIMAGFVHWFPLFTGYTINDIWAKTHFAIMFVGVNLTFFPQHFLGLSGMPRRYSDYPDAYTTWNTVSSMGSFISLTAVLVMIFMIWEAFASKREVLSVEYSSTNLEWLHGCPPPYHTFEEPTYVKVK	MFINRWLFSTNHKDIGTLYLLFGAWAGMVGTALSILIRAELGQPGALLGDDQIYNVIVTAHAFVMIFFMVMPMMIGGFGNWLVPLMIGAPDMAFPRMNNMSFWLLPPSFLLLLASSMVEAGAGTGWTVYPPLAGNLAHAGASVDLTIFSLHLAGVSSILGAINFITTIINMKPPAMTQYQTPLFVWSVLITAVLLLLSLPVLAAGITMLLTDRNLNTTFFDPAGGGDPILYQHLFWFFGHPEVYILILPGFGIISHIVTYYSGKKEPFGYMGMVWAMMSIGFLGFIVWAHHMFTVGLDVDTRAYFTSATMIIAIPTGVKVFSWLATLHGGNIKWSPAMLWALGFIFLFTVGGLTGIVLSNSSLDIVLHDTYYVVAHFHYVLSMGAVFAIMAGFVHWFPLFTGYTINDIWAKTHFAIMFVGVNLTFFPQHFLGLSGMPRRYSDYPDAYTTWNTVSSMGSFISLTAVLVMIFMIWEAFASKREVLSVEYSSTNLEWLHGCPPPYHTFEEPTYVKVK
3	Habromys ixtlani	COX2	YP_009414379.1	1.0	MAYPFQLGLQDATSPIMEELTNFHDHTLMIVFLISSLVLYIITLMLTTKLTHTSTMDAQEVETIWTILPAVILILIALPSLRILYMMDEINNPVLTVKTMGHQWYWSYEYTDYEDLCFDSYMIPTNDLKPGDLRLLEVDNRVVLPMELPIRMLISSEDVLHSWAVPSLGLKTDAIPGRLNQATISSNRPGLFYGQCSEICGSNHSFMPIVLEMVPLKHFEDWSASMI	MAYPFQLGLQDATSPIMEELTNFHDHTLMIVFLISSLVLYIITLMLTTKLTHTSTMDAQEVETIWTILPAVILILIALPSLRILYMMDEINNPVLTVKTMGHQWYWSYEYTDYEDLCFDSYMIPTNDLKPGDLRLLEVDNRVVLPMELPIRMLISSEDVLHSWAVPSLGLKTDAIPGRLNQATISSNRPGLFYGQCSEICGSNHSFMPIVLEMVPLKHFEDWSASMI
4	Habromys ixtlani	ATP8	YP_009414380.1	1.0	MPQLDTSTWFITIMSSTITLFVLMQLKISMLTFPLSPSIKYTELMKTDNPWESKWTKIYSPLSLLPQ	MPQLDTSTWFITIMSSTITLFVLMQLKISMLTFPLSPSIKYTELMKTDNPWESKWTKIYSPLSLLPQ
5	Habromys ixtlani	ATP6	YP_009414381.1	1.0	MNENLFTSFITPTMMGLPIVIFIIMIPSILLSSSKRLVTNRYFSFLHWLVKLIAKQMMLIHTPKGRTWSLMLVSLMMFIGSTNLLGLLPHTFTPTTQLSMNLGMAIPLWAGAVILGFRHKLKSSLAHFLPQGTPISLIPMLIIIETISLFIQPMALAVRLTANITAGHLLIHLIGGATLVLTSISPPTASITFIILALLTILEFAVALIQAYVFTLLVSLYLHDNT	MNENLFTSFITPTMMGLPIVIFIIMIPSILLSSSKRLVTNRYFSFLHWLVKLIAKQMMLIHTPKGRTWSLMLVSLMMFIGSTNLLGLLPHTFTPTTQLSMNLGMAIPLWAGAVILGFRHKLKSSLAHFLPQGTPISLIPMLIIIETISLFIQPMALAVRLTANITAGHLLIHLIGGATLVLTSISPPTASITFIILALLTILEFAVALIQAYVFTLLVSLYLHDNT
6	Habromys ixtlani	COX3	YP_009414382.1	1.0	MTHQTHAYHMVNPSPWPLTGAFSALLLTSGLVMWFHYNSYTLLTLGLLANTLTMYQWWRDIVREGTYQGHHTPIVQKGLRYGMILFIVSEVFFFAGFFWAFYHSSLAPTHDLGGCWPPTGISPLNPLEVPLLNTSVLLASGVSITWAHHSLMEGKRNNMNQALLITILLGVYFTILQATEYFETPFSISDGIYGSTFFMATGFHGLHVIIGSTFLMVCLLRQLKYHFTSKHHFGFEAAAWYWHFVDVVWLFLYVSIYWWGS	MTHQTHAYHMVNPSPWPLTGAFSALLLTSGLVMWFHYNSYTLLTLGLLANTLTMYQWWRDIVREGTYQGHHTPIVQKGLRYGMILFIVSEVFFFAGFFWAFYHSSLAPTHDLGGCWPPTGISPLNPLEVPLLNTSVLLASGVSITWAHHSLMEGKRNNMNQALLITILLGVYFTILQATEYFETPFSISDGIYGSTFFMATGFHGLHVIIGSTFLMVCLLRQLKYHFTSKHHFGFEAAAWYWHFVDVVWLFLYVSIYWWGS
7	Habromys ixtlani	ND3	YP_009414383.1	1.0	MNMLMALSVNIALSTCLITIAFWLPQLNMYTEKANPYECGFDPMSSARLPFSMKFFLVAITFLLFDLEIALLLPLPWAIQMNNINTMMLTAFILVSVLALGLAYEWMQKGLEWTE	MNMLMALSVNIALSTCLITIAFWLPQLNMYTEKANPYECGFDPMSSARLPFSMKFFLVAITFLLFDLEIALLLPLPWAIQMNNINTMMLTAFILVSVLALGLAYEWMQKGLEWTE
8	Habromys ixtlani	ND4L	YP_009414384.1	1.0	MPSVTFNIMLAYIFSLLGTLMFRSHLMSTLLCLEGMMLSLFIMTAITSLNSHSMTMYPIPIVILVFAACEAAIGLALLAKVSNSYGTDYVQNLNLLQC	MPSVTFNIMLAYIFSLLGTLMFRSHLMSTLLCLEGMMLSLFIMTAITSLNSHSMTMYPIPIVILVFAACEAAIGLALLAKVSNSYGTDYVQNLNLLQC
9	Habromys ixtlani	ND4	YP_009414385.1	1.0	MLKIIFPSIMLLPLTWLSKNKNMWINVTSYSFMISLLSAILLWQNDMSTLNFSLLFSTDSLSSPLIILTTWLLPLMLLASQNHMKKESEQNKKIYVSMLVTLQILLIMTFSANELIMFYILFEATLIPTLIIITRWGNQTERLNAGLYFLFYTLIGSIPLLIALIYIQNITGTLNFLLFPLTFMPLNQTWSNNILWLACMMAFLIKMPMYGVHLWLPKAHVEAPIAGSMILAAILLKLGGYGMMRISMILDPMTKTMAYPFILLSLWGMIMTSSICLRQTDLKSLIAYSSVSHMALVIAAIMIQTPWSFMGATTLMIAHGLTSSLLFCLANTNYERIHSRTMIMTRGLQTIFPLMAIWWILASLANLAIPPSINLIGELLITISLFSWSSPSILLLGGNILITALYSMHMIITTQRGKLTNHMINLQPSHTRESTLMVLHITPLILLTINPKLIMGPTM	MLKIIFPSIMLLPLTWLSKNKNMWINVTSYSFMISLLSAILLWQNDMSTLNFSLLFSTDSLSSPLIILTTWLLPLMLLASQNHMKKESEQNKKIYVSMLVTLQILLIMTFSANELIMFYILFEATLIPTLIIITRWGNQTERLNAGLYFLFYTLIGSIPLLIALIYIQNITGTLNFLLFPLTFMPLNQTWSNNILWLACMMAFLIKMPMYGVHLWLPKAHVEAPIAGSMILAAILLKLGGYGMMRISMILDPMTKTMAYPFILLSLWGMIMTSSICLRQTDLKSLIAYSSVSHMALVIAAIMIQTPWSFMGATTLMIAHGLTSSLLFCLANTNYERIHSRTMIMTRGLQTIFPLMAIWWILASLANLAIPPSINLIGELLITISLFSWSSPSILLLGGNILITALYSMHMIITTQRGKLTNHMINLQPSHTRESTLMVLHITPLILLTINPKLIMGPTM
10	Habromys ixtlani	ND5	YP_009414386.1	1.0	MNSITSSIVLIFFMLTLPIMLSLTNYAKMINFPSYVTTSIKYAFLLSLVPLTTFFSSNTELLITNWHWMTINTMKLSISLKLDFFCIIFMSVALFVTWSIMEFSSWYMHSDPHLNRFIKYLLLFLITMIILTSANNLFQLFIGWEGVGIMSFLLIGWWYGRTDANTAALQAILYNRIGDIGFILAMAWFCLHSNSWELQQIFITNNSTNMIPLLGLLIAATGKSAQFGLHPWLPSAMEGPTPVSALLHSSTMVVAGIFLMVRFHPMTSNNNFILTAMLCLGSITTLFTAICALTQNDIKKIVAFSTSSQLGLMMVTLGINQPYLAFLHICTHAFFKAMLFMCSGSIIHSLNDEQDIRKMGNLTKPLPFTSSCLMIGSLALTGMPFLTGFYSKDLIIEAANTCYTNAWALLITLIATSMTAVYSMRIIYFVSMTKPRFPPTITINENNPKLINPIKRLALGSIMAGFFISHNIPPTTTQIMTMPWYLKTTAMIVTITGFMIALELNNLTLNLTLKKPTPTSSFSTSLGYFPLIIHRLLPLKMLSKSFNTSLHLLDSIWLEKAIPKTISTLQMITSKNLSNQKGLIKLYFMSFLITLLSMPILLTT	MNSITSSIVLIFFMLTLPIMLSLTNYAKMINFPSYVTTSIKYAFLLSLVPLTTFFSSNTELLITNWHWMTINTMKLSISLKLDFFCIIFMSVALFVTWSIMEFSSWYMHSDPHLNRFIKYLLLFLITMIILTSANNLFQLFIGWEGVGIMSFLLIGWWYGRTDANTAALQAILYNRIGDIGFILAMAWFCLHSNSWELQQIFITNNSTNMIPLLGLLIAATGKSAQFGLHPWLPSAMEGPTPVSALLHSSTMVVAGIFLMVRFHPMTSNNNFILTAMLCLGSITTLFTAICALTQNDIKKIVAFSTSSQLGLMMVTLGINQPYLAFLHICTHAFFKAMLFMCSGSIIHSLNDEQDIRKMGNLTKPLPFTSSCLMIGSLALTGMPFLTGFYSKDLIIEAANTCYTNAWALLITLIATSMTAVYSMRIIYFVSMTKPRFPPTITINENNPKLINPIKRLALGSIMAGFFISHNIPPTTTQIMTMPWYLKTTAMIVTITGFMIALELNNLTLNLTLKKPTPTSSFSTSLGYFPLIIHRLLPLKMLSKSFNTSLHLLDSIWLEKAIPKTISTLQMITSKNLSNQKGLIKLYFMSFLITLLSMPILLTT
11	Habromys ixtlani	CYTB	YP_009414388.1	1.0	MTNIRKKHPLLKIINDSFIDLPTPSNISSWWNFGSLLGICLVIQILTGLFLAMHYTSDTTTAFSSVTHICRDVNYGWLIRYMHANGASVFFICLFIHVGRGMYYGSYTFTETWNIGVVLLFAVMATAFMGYVLPWGQMSFWGATVITNLLSAIPYIGTALVEWIWGGFSVDKATLTRFFAFHFILPFIITALVVVHLLFLHETGSNNPSGLNSDADKIPFHPYYTIKDILGILLLLMVLMILVLFFPDILGDPDNYTPANPLNTPAHIKPEWYFLFAYAILRSIPNKLGGVLALVLSILILALLPLLQTSKQRGLMFRPITQILFWILVANLFILTWIGGQPVEYPFITIGQLASITYFTIIIILMPIAGMIENNMLKFSH	MTNIRKKHPLLKIINDSFIDLPTPSNISSWWNFGSLLGICLVIQILTGLFLAMHYTSDTTTAFSSVTHICRDVNYGWLIRYMHANGASVFFICLFIHVGRGMYYGSYTFTETWNIGVVLLFAVMATAFMGYVLPWGQMSFWGATVITNLLSAIPYIGTALVEWIWGGFSVDKATLTRFFAFHFILPFIITALVVVHLLFLHETGSNNPSGLNSDADKIPFHPYYTIKDILGILLLLMVLMILVLFFPDILGDPDNYTPANPLNTPAHIKPEWYFLFAYAILRSIPNKLGGVLALVLSILILALLPLLQTSKQRGLMFRPITQILFWILVANLFILTWIGGQPVEYPFITIGQLASITYFTIIIILMPIAGMIENNMLKFSH
